6.065306597126334243e-01
3.678794411714423340e-01
2.231301601484298180e-01
1.353352832366127023e-01
8.208499862389879997e-02
4.978706836786394446e-02
3.019738342231850087e-02
1.831563888873417867e-02
1.110899653824230608e-02
6.737946999085467001e-03
4.086771438464066597e-03
2.478752176666358491e-03
1.503439192977572367e-03
9.118819655545162437e-04
5.530843701478336269e-04
3.354626279025118532e-04
2.034683690106441685e-04
1.234098040866795612e-04
7.485182988770059808e-05
4.539992976248485417e-05
2.753644934974715811e-05
1.670170079024565926e-05
1.013009359863071055e-05
6.144212353328209806e-06
3.726653172078670938e-06
2.260329406981054240e-06
1.370959086384084452e-06
8.315287191035678771e-07
5.043476625678880272e-07
3.059023205018257859e-07
1.855391362615978357e-07
1.125351747192591165e-07
2.607480814062706261e-03
1.485556647728785568e-02
1.639416439727663447e-02
1.485782611608910814e-02
1.258909811040299052e-02
1.038607906151142041e-02
8.494184469131501117e-03
6.951467851825488854e-03
5.722743914570676757e-03
4.753211490729734000e-03
3.989111640060226220e-03
3.384594196819066137e-03
2.902945739191821559e-03
2.515708410374503223e-03
2.201196185212186615e-03
1.943015871424177152e-03
1.728803509192145373e-03
1.549218499528698780e-03
1.397172745373357998e-03
1.267252561455729960e-03
1.155290423711187670e-03
1.058049688651791333e-03
9.729929649029734912e-04
8.981117853237048773e-04
8.318009584597519388e-04
7.727654245273893894e-04
7.199507768186069615e-04
6.724910602289385858e-04
6.296692342771055464e-04
5.908869532370939620e-04
5.556411195335612735e-04
5.235030352029493121e-04
