1.657269849162063435e+00
1.694927001407979361e+00
1.715627238385745601e+00
1.749829399633068050e+00
1.797117610010530386e+00
1.945923788753771477e+00
2.145640226009995821e+00
2.150000937592771333e+00
2.153986296453772376e+00
2.153827959552811588e+00
-1.395995638238072711e+00
-1.798716090278284385e+00
-1.812242356431888135e+00
-1.834963821181129218e+00
-1.972786781298495162e+00
-2.127507661953379259e+00
-2.153886143214526872e+00
-2.135541987025895150e+00
-2.029166726541241861e+00
-1.918693459384539723e+00
1.657709740923315911e+00
1.695385152218838343e+00
1.716095888006329950e+00
1.750316198892758912e+00
1.797631387687359528e+00
1.946543178394730012e+00
2.146583079418494133e+00
2.150971787406359415e+00
2.155030281329603170e+00
2.154879153195156327e+00
-1.397690995445272977e+00
-1.800352260555066808e+00
-1.813870322429359749e+00
-1.836576915785764541e+00
-1.974275287916060551e+00
-2.128716737725728780e+00
-2.154908699413606854e+00
-2.136441471838259609e+00
-2.029869694437875793e+00
-1.919290378974225719e+00
1.658177281304684225e+00
1.695871889192255066e+00
1.716593655151138265e+00
1.750833021127764955e+00
1.798176503945952076e+00
1.947198722307471375e+00
2.147573864416903788e+00
2.151991394380890821e+00
2.156125039689116285e+00
2.155981308066009294e+00
-1.399436360526559620e+00
-1.802046109731340717e+00
-1.815556092503436858e+00
-1.838247997779031806e+00
-1.975821995295971245e+00
-2.129980380988814037e+00
-2.155981459335349015e+00
-2.137387550412326753e+00
-2.030612271016356107e+00
-1.919922471548335619e+00
1.658672368343929060e+00
1.696387106029464631e+00
1.717120431034115491e+00
1.751379753265783767e+00
1.798752839383113589e+00
1.947890277049252550e+00
2.148612380529682397e+00
2.153059554999038561e+00
2.157270362070319081e+00
2.157134214287759200e+00
-1.401231979066061228e+00
-1.803797603532738103e+00
-1.817299623159169819e+00
-1.839977008384557466e+00
-1.977426759800092748e+00
-2.131298382007681624e+00
-2.157104214940860576e+00
-2.138380027731694444e+00
-2.031394295127203709e+00
-1.920589598651388341e+00
1.659194788166052037e+00
1.696930579878379142e+00
1.717675987645615798e+00
1.751956158390632234e+00
1.799360143872386963e+00
1.948617541323253821e+00
2.149698181930871144e+00
2.154175812302475901e+00
2.158465763865649922e+00
2.158337384648744806e+00
-1.403077454472614560e+00
-1.805606184973903794e+00
-1.819100353983772456e+00
-1.841763381893180451e+00
-1.979088999143173488e+00
-2.132670203032656087e+00
-2.158276489496706141e+00
-2.139418475753509963e+00
-2.032215425950908205e+00
-1.921291469779800254e+00
1.659744195719005111e+00
1.697501951265230513e+00
1.718259957221138112e+00
1.752561854409677933e+00
1.799998014037539118e+00
1.949380028735118620e+00
2.150830534965707752e+00
2.155339412008705935e+00
2.159710437677762052e+00
2.159590006580503374e+00
-1.404971640012774303e+00
-1.807470685141930433e+00
-1.820957119369025490e+00
-1.843605959008104866e+00
-1.980807616973716101e+00
-2.134094921554137159e+00
-2.159497491047262852e+00
-2.140502193072299608e+00
-2.033075111954954828e+00
-1.922027616148804796e+00
1.660320266358446650e+00
1.698100881992182565e+00
1.718871993772500328e+00
1.753196481873697810e+00
1.800666070439664646e+00
1.950177281956882780e+00
2.152008751581111046e+00
2.156549646942940157e+00
2.161003627222553014e+00
2.160891319028618973e+00
-1.406913494970274403e+00
-1.809390026621927161e+00
-1.822868844388565224e+00
-1.845503669691439752e+00
-1.982581595949887809e+00
-2.135571675673521685e+00
-2.160766477565307486e+00
-2.141630521578628432e+00
-2.033972834814094188e+00
-1.922797596939668674e+00
1.660922695847736996e+00
1.698727055137332576e+00
1.719511773087837536e+00
1.753859703976886397e+00
1.801363957577189367e+00
1.951008872726969878e+00
2.153232189325688495e+00
2.157805857038125996e+00
2.162344627329171765e+00
2.162240612452720701e+00
-1.408902084646024511e+00
-1.811363223497026054e+00
-1.824834544797872660e+00
-1.847455533164198638e+00
-1.984409997739510878e+00
-2.137099664103194741e+00
-2.162082756952011575e+00
-2.142802846459089139e+00
-2.034908109410352051e+00
-1.923600999299687642e+00
1.661551200357940461e+00
1.699380175054713060e+00
1.720178992731602019e+00
1.754551206556850262e+00
1.802091343885866559e+00
1.951874401850195007e+00
2.154500251349733109e+00
2.159107429334923722e+00
2.163732783940017779e+00
2.163637228826484460e+00
-1.410936580358115089e+00
-1.813389381348376794e+00
-1.826853327034282160e+00
-1.849460657906299543e+00
-1.986291963020068607e+00
-2.138678146166550054e+00
-2.163445687036936960e+00
-2.144018596196309190e+00
-2.035880483833021337e+00
-1.924437438342192497e+00
1.662205516467828659e+00
1.700059967374289105e+00
1.720873372044564587e+00
1.755270698094609116e+00
1.802847921738781833e+00
1.952773499197764329e+00
2.155812386405225656e+00
2.160453797981719770e+00
2.165167494110736612e+00
2.165080561637634737e+00
-1.413016259441813860e+00
-1.815467697255149337e+00
-1.828924388216979002e+00
-1.851518241656561869e+00
-1.988226711478703335e+00
-2.140306441797966031e+00
-2.164854675578045118e+00
-2.145277242568945475e+00
-2.036889539378667902e+00
-1.925306557146546194e+00
1.662885401163874066e+00
1.700766179001958811e+00
1.721594652143815685e+00
1.756017909714597147e+00
1.803633407446346704e+00
1.953705823707273748e+00
2.157168088845832887e+00
2.161844444234622298e+00
2.166648206010225675e+00
2.166570055887941937e+00
-1.415140505249566250e+00
-1.817597459794532355e+00
-1.831047016146996720e+00
-1.853627571412713726e+00
-1.990213541812218656e+00
-2.141983931542826181e+00
-2.166309180261690503e+00
-2.146578300651689197e+00
-2.037934890551126976e+00
-1.926208026758145397e+00
1.663590631840254463e+00
1.701498578119554850e+00
1.722342595922759401e+00
1.756792595184662797e+00
1.804447541256305465e+00
1.954671063382708684e+00
2.158566898626905761e+00
2.163278896457459854e+00
2.168174418920629343e+00
2.168105208093223268e+00
-1.417308807150994276e+00
-1.819778049041735457e+00
-1.833220589307221315e+00
-1.855788023431385714e+00
-1.992251831727074762e+00
-2.143710056557504018e+00
-2.167808708702620990e+00
-2.147921328815262765e+00
-2.039016185061504061e+00
-1.927141546188414933e+00
1.664321006298852490e+00
1.702256954184843352e+00
1.723116988051120568e+00
1.757594530916066100e+00
1.805290087353728534e+00
1.955668935294446298e+00
2.160008401305484327e+00
2.164756730121784933e+00
2.169745683237339851e+00
2.169685566283343192e+00
-1.419520760532900105e+00
-1.822008936569986304e+00
-1.835444576862387489e+00
-1.857999063228111813e+00
-1.994341037939394878e+00
-2.145484318609370611e+00
-2.169352818443980979e+00
-2.149305928726422010e+00
-2.040133103828173589e+00
-1.928106842414816668e+00
1.665076342749255200e+00
1.703041117931523241e+00
1.723917634974942770e+00
1.758423515963482897e+00
1.806160833861019333e+00
1.956699185579254818e+00
2.161492228040294172e+00
2.166277567806872639e+00
2.171361600469001729e+00
2.171310730002210754e+00
-1.421776066799263605e+00
-1.824289685450533272e+00
-1.837718538659082412e+00
-1.860260245577330718e+00
-1.996480696174958158e+00
-2.147306280076798135e+00
-2.170941116957311401e+00
-2.150731745347950863e+00
-2.041285360976783370e+00
-1.929103670380842406e+00
1.665856479808751622e+00
1.703850901369228676e+00
1.724744364916585226e+00
1.759279372025001731e+00
1.807059592837907624e+00
1.957761589440289995e+00
2.163018055591746425e+00
2.167841079199717136e+00
2.173021823237506922e+00
2.172980350307788466e+00
-1.424074533371242568e+00
-1.826619950252643454e+00
-1.840042125225740621e+00
-1.862571214512387607e+00
-1.998670421169206568e+00
-2.149175563949146994e+00
-2.172573261642543496e+00
-2.152198466938668897e+00
-2.042472703840250148e+00
-1.930131812996017437e+00
1.666661276502338085e+00
1.704686157783526168e+00
1.725597027874724798e+00
1.760161943442125843e+00
1.807986200281455291e+00
1.958855951147101093e+00
2.164585606321939526e+00
2.169446981095037863e+00
2.174726055277995229e+00
2.174694129772077211e+00
-1.426416073687171160e+00
-1.828999477043603772e+00
-1.842415077772650012e+00
-1.864931703325529266e+00
-2.000909906667240001e+00
-2.151091853826779587e+00
-2.174248959828007255e+00
-2.153705825053426448e+00
-2.043694912958760490e+00
-1.931191081135898768e+00
1.667490604037768609e+00
1.705546753167987983e+00
1.726475486858986219e+00
1.761071088092629244e+00
1.808940506509722601e+00
1.959982092408049992e+00
2.166194630073011052e+00
2.171095018674765953e+00
2.176474031114818075e+00
2.176451801995683777e+00
-1.428800661053590160e+00
-1.831428065301961672e+00
-1.844837190507522484e+00
-1.867341497578623999e+00
-2.003198893242480683e+00
-2.153054869715188779e+00
-2.175967948922478357e+00
-2.155253577334644621e+00
-2.044951788832490180e+00
-1.932281302445265192e+00
1.668344046947609849e+00
1.706432254902698231e+00
1.727379299393633216e+00
1.762006346474788376e+00
1.809922026742488255e+00
1.961139429862362338e+00
2.167844245656690205e+00
2.172784285234332646e+00
2.178264777514822725e+00
2.178252387195561912e+00
-1.431226652043023462e+00
-1.833904184026981188e+00
-1.847306941357547805e+00
-1.869799091073203634e+00
-2.005535998915341622e+00
-2.155063488417609641e+00
-2.177729275169794310e+00
-2.156840882188018060e+00
-2.046242670552025356e+00
-1.933401914484228046e+00
1.669221251282102081e+00
1.707342294464148758e+00
1.728308088584231239e+00
1.762967327239168824e+00
1.810930348183692029e+00
1.962327467280704507e+00
2.169533707866398764e+00
2.174514014537696216e+00
2.180097473703595412e+00
2.180095059252239675e+00
-1.433692741034470197e+00
-1.836426584212144553e+00
-1.849823087388539067e+00
-1.872303251805651714e+00
-2.007920081388232969e+00
-2.157116768051865030e+00
-2.179532133716425513e+00
-2.158467027150913431e+00
-2.047566996542343976e+00
-1.934552438699103538e+00
1.670121988900869159e+00
1.708276634398851135e+00
1.729261611635153351e+00
1.763953778378594350e+00
1.811965205193100559e+00
1.963545886464955981e+00
2.171262549165009492e+00
2.176283727188656147e+00
2.181971610277517293e+00
2.181979305884171882e+00
-1.436198320991440625e+00
-1.838994596655279645e+00
-1.852384959469992598e+00
-1.874853311198041883e+00
-2.010350489684483932e+00
-2.159214137320485172e+00
-2.181376023800167374e+00
-2.160131563438325575e+00
-2.048924408129468855e+00
-1.935732567953487582e+00
