-2.758485097571487188e+00
-4.202171810074727176e+00
-5.278430486511205721e+00
-6.143455683487827557e+00
-6.857548638705563526e+00
-7.454306152849967226e+00
-7.955604510361556692e+00
-8.376896366683663331e+00
-8.729548072252061530e+00
-9.022101147967925172e+00
-9.261045950354205303e+00
-9.451334354033791740e+00
-9.596734042275938847e+00
-9.700078141088056327e+00
-9.763441581883046894e+00
-9.788263797767500662e+00
-9.775430288196702122e+00
-9.725320808424235963e+00
-9.637828286147147594e+00
-9.512349322060678958e+00
-9.347743677263860462e+00
-9.142255729651759921e+00
-8.893384280934732544e+00
-8.597676053282105713e+00
-8.250398063902032675e+00
-7.845004342440627276e+00
-7.372227528640174832e+00
-6.818426077853499301e+00
-6.162286837732245282e+00
-5.367319775407952243e+00
-4.360943322400507860e+00
-2.951323674543436582e+00
3.721901941851992746e-01
5.702838162948744571e-01
7.034859960261764522e-01
7.957232147901139863e-01
8.578431544494468097e-01
8.996147041408052436e-01
9.277496009305253866e-01
9.468250449481799835e-01
9.598942933632882424e-01
9.689733396311334124e-01
9.753870560205492035e-01
9.800055843474666517e-01
9.834017619872295057e-01
9.859545291546687462e-01
9.879163330355141825e-01
9.894568951871884899e-01
9.906915971511018881e-01
9.916999059269659966e-01
9.925373652791269485e-01
9.932434325687949928e-01
9.938466304023271247e-01
9.943679591538276963e-01
9.948231803393687844e-01
9.952243662032408400e-01
9.955809757473065291e-01
9.959006372689500619e-01
9.961897826689174451e-01
9.964543456872021476e-01
9.967008672015810200e-01
9.969425666225462113e-01
9.971904544114165159e-01
9.976711004854610376e-01
