-9.929782482466146121e+01
-8.068492283105554463e+01
-6.162137674207474447e+01
-4.952772827367267183e+01
-4.830254178847835789e+01
-4.612287574975113813e+01
-4.395681206329241064e+01
-3.251953849879176062e+01
-2.072114875984023286e+01
-1.609836822761889152e+01
1.761153089598259669e+01
4.012841774070773937e+01
4.532673077504281878e+01
4.847785696289585644e+01
5.752106860288450463e+01
6.144260144055252937e+01
6.502076968218250386e+01
6.658148753767372341e+01
7.146061372815705681e+01
9.370012053272137109e+01
