-2.284735727952013074e-01 7.696876646368952524e-02 1.575337374604003984e-02 6.946668422952593548e-03 3.977357815934602810e-03 2.607679736343698589e-03 1.857610313017005318e-03 1.399328459722469758e-03 1.097184267732055889e-03 8.865206378633414810e-04 7.332178392140951181e-04 6.178282386441689414e-04 5.285754321994085188e-04 4.579714331450499888e-04 4.010595582340153249e-04 3.544461975184264339e-04 3.157403496218821816e-04 2.832153689890452831e-04 2.555973766367019553e-04 2.319287224899308170e-04 2.114774439525102061e-04 1.936757624891058491e-04 1.780774005163057586e-04 1.643273857128381345e-04 1.521403171515819236e-04 1.412844754400735254e-04 1.315700391288260091e-04 1.228402320680754595e-04 1.149645930934755961e-04 1.078338029337432523e-04 1.013556676854063206e-04 9.545197099501061093e-05
7.696876646368952524e-02 -2.287086188431111944e-01 7.679295201985318620e-02 1.561840508208467426e-02 6.840787833125540861e-03 3.892758436469813052e-03 2.539011408856042644e-03 1.801106089255734115e-03 1.352273422029383202e-03 1.057581385329730726e-03 8.528742865540497962e-04 7.043898760359994194e-04 5.929400971004126965e-04 5.069401480610668739e-04 4.390455769832168420e-04 3.844086771095381262e-04 3.397195927503156190e-04 3.026524143297869393e-04 2.715316048922560618e-04 2.451237952618025144e-04 2.225037256672020899e-04 2.029655420600623016e-04 1.859626698511792102e-04 1.710661733134153143e-04 1.579353565645501820e-04 1.462966438969370950e-04 1.359281673601712439e-04 1.266483571902653866e-04 1.183073843086427339e-04 1.107806645081356033e-04 1.039638728874587865e-04 9.776907820784898860e-05
1.575337374604003984e-02 7.679295201985318620e-02 -2.288435875070665426e-01 7.668707143002588544e-02 1.553380570261986802e-02 6.772119505637880579e-03 3.836254212708542066e-03 2.491956371162958039e-03 1.761503206853406566e-03 1.318627070720090975e-03 1.028753422151633835e-03 8.279861450102940935e-04 6.827545918976577746e-04 5.740142409385806882e-04 4.902892669365885910e-04 4.243189722151057561e-04 3.713207418174423961e-04 3.280358286535261267e-04 2.921788329548869021e-04 2.621066080695267655e-04 2.366118933693548809e-04 2.147906330292754509e-04 1.959543148571710441e-04 1.795706407028923690e-04 1.652225000587696725e-04 1.525790484846484426e-04 1.413749619583756323e-04 1.313953196007385047e-04 1.224644286049248246e-04 1.144374542623588238e-04 1.071940750305782714e-04 1.006336190696210703e-04
6.946668422952593548e-03 1.561840508208467426e-02 7.668707143002588544e-02 -2.289281868865313263e-01 7.661840310253822950e-02 1.547730147885859747e-02 6.725064467944797710e-03 3.796651330306213649e-03 2.458310019853659524e-03 1.732675243675310976e-03 1.293738929176334622e-03 1.007118138013292190e-03 8.090602888484614346e-04 6.661037107731805759e-04 5.592876361704696023e-04 4.772013316444930777e-04 4.126352081183165348e-04 3.608471604425429009e-04 3.186108318307968304e-04 2.836669310624387536e-04 2.543935154316006686e-04 2.296006661664638944e-04 2.083986038809874984e-04 1.901106416025259444e-04 1.742143326229900603e-04 1.603008181202084808e-04 1.480462007252157034e-04 1.371910333730356395e-04 1.275253895544540390e-04 1.188778391273674927e-04 1.111072004445205519e-04 1.040962947761386122e-04
3.977357815934602810e-03 6.840787833125540861e-03 1.553380570261986802e-02 7.661840310253822950e-02 -2.289846911102925986e-01 7.657134806484512668e-02 1.543769859645627296e-02 6.691418116635501796e-03 3.767823367128118710e-03 2.433421878309903821e-03 1.711039959536969331e-03 1.274813073014502071e-03 9.904672568888149911e-04 7.943336840803503487e-04 6.530157754810851168e-04 5.476038720736801100e-04 4.667277502695930404e-04 4.032102112955872385e-04 3.523352585500947524e-04 3.108977391928707335e-04 2.766557038595477401e-04 2.480014862833132853e-04 2.237569929118187677e-04 2.030422958010857590e-04 1.851889596639647527e-04 1.696814848635573212e-04 1.561168895348684880e-04 1.441762706789312377e-04 1.336044438954782940e-04 1.241951357366163227e-04 1.157800588729281045e-04 1.082207454883379351e-04
2.607679736343698589e-03 3.892758436469813052e-03 6.772119505637880579e-03 1.547730147885859747e-02 7.657134806484512668e-02 -2.290242939926949439e-01 7.653770171353585505e-02 1.540887063327817975e-02 6.666529975091744359e-03 3.746188082989776631e-03 2.414496022148071488e-03 1.694389078412492132e-03 1.260086468246390985e-03 9.773793215967195320e-04 7.826499199835608564e-04 6.425421941061847542e-04 5.381788752509510847e-04 4.582158483771462472e-04 3.954971186576611416e-04 3.453240313472037389e-04 3.045057100445828081e-04 2.708120306049026675e-04 2.426451782034109766e-04 2.188353109732576031e-04 1.985094480416530198e-04 1.810050310786247600e-04 1.658115548172728554e-04 1.525303000573111425e-04 1.408460168610935215e-04 1.305066636410386483e-04 1.213086807804331503e-04 1.130861326015295909e-04
1.857610313017005318e-03 2.539011408856042644e-03 3.836254212708542066e-03 6.725064467944797710e-03 1.543769859645627296e-02 7.653770171353585505e-02 -2.290531219558730180e-01 7.651281357199231359e-02 1.538723534913985676e-02 6.647604118929912459e-03 3.729537201865298999e-03 2.399769417379960402e-03 1.681301143120396673e-03 1.248402704149601493e-03 9.669057402218192779e-04 7.732249231608321564e-04 6.340302922137368768e-04 5.304657826130249878e-04 4.512046211742552879e-04 3.891050895093737584e-04 3.394803580925591542e-04 2.991494019646810144e-04 2.658903486663414758e-04 2.381123304439782375e-04 2.146513823879175832e-04 1.946395179953685540e-04 1.774184416010674145e-04 1.624813009994351392e-04 1.494325198028717680e-04 1.379595619049103761e-04 1.278127373696406768e-04 1.187905312232241884e-04
1.399328459722469758e-03 1.801106089255734115e-03 2.491956371162958039e-03 3.796651330306213649e-03 6.691418116635501796e-03 1.540887063327817975e-02 7.651281357199231359e-02 -2.290747572400116394e-01 7.649388771583044699e-02 1.537058446801534833e-02 6.632877514161795302e-03 3.716449266573200287e-03 2.388085653283173078e-03 1.670827561745498154e-03 1.238977707326873769e-03 9.583938383293724847e-04 7.655118305229044332e-04 6.270190650108462427e-04 5.240737534647359240e-04 4.453609479196101611e-04 3.837487814294714768e-04 3.345586761539974204e-04 2.946165542052483024e-04 2.617064200810014559e-04 2.342424003976937717e-04 2.110647929103602648e-04 1.913092641775308378e-04 1.743206613466280399e-04 1.595948460432519938e-04 1.467385935314732544e-04 1.354414123477014006e-04 1.254553959595941439e-04
1.097184267732055889e-03 1.352273422029383202e-03 1.761503206853406566e-03 2.458310019853659524e-03 3.767823367128118710e-03 6.666529975091744359e-03 1.538723534913985676e-02 7.649388771583044699e-02 -2.290914081211364306e-01 7.647916111106183024e-02 1.535749653272322143e-02 6.621193750064996268e-03 3.705975685198298081e-03 2.378660656460439716e-03 1.662315659853045397e-03 1.231264614688945070e-03 9.513826111264817422e-04 7.591198013746167789e-04 6.211753917562016581e-04 5.187174453848341846e-04 4.404392659810489694e-04 3.792159336700387105e-04 3.303747475686574548e-04 2.907466241589638637e-04 2.581198306034441104e-04 2.309121465798555134e-04 2.079670126559205921e-04 1.884228092213476654e-04 1.716267350752295263e-04 1.570766964860431539e-04 1.443812521214269924e-04 1.332314708151544264e-04
8.865206378633414810e-04 1.057581385329730726e-03 1.318627070720090975e-03 1.732675243675310976e-03 2.433421878309903821e-03 3.746188082989776631e-03 6.647604118929912459e-03 1.537058446801534833e-02 7.647916111106183024e-02 -2.291044960564284916e-01 7.646747734696503207e-02 1.534702295134832313e-02 6.611768753242267677e-03 3.697463783305849662e-03 2.370947563822513402e-03 1.655304432650154438e-03 1.224872585540657524e-03 9.455389378718369407e-04 7.537634932947150394e-04 6.162537098176398701e-04 5.141845976254014183e-04 4.362553373957090037e-04 3.753460036237542719e-04 3.267881580910995671e-04 2.874163703411261204e-04 2.550220503490050069e-04 2.280256916236726120e-04 2.052730863845220785e-04 1.859046596641387170e-04 1.692693936651838336e-04 1.548667549534955021e-04 1.423066712888104571e-04
7.332178392140951181e-04 8.528742865540497962e-04 1.028753422151633835e-03 1.293738929176334622e-03 1.711039959536969331e-03 2.414496022148071488e-03 3.729537201865298999e-03 6.632877514161795302e-03 1.535749653272322143e-02 7.646747734696503207e-02 -2.291149696378034228e-01 7.645805235014230261e-02 1.533851104945587601e-02 6.604055660604340496e-03 3.690452556102959136e-03 2.364555534674225856e-03 1.649460759395509528e-03 1.219516277460758061e-03 9.406172559332754779e-04 7.492306455352822732e-04 6.120697812322999044e-04 5.103146675791169797e-04 4.326687479181516582e-04 3.720157498059165828e-04 3.236903778366604636e-04 2.845299153849429751e-04 2.523281240776062222e-04 2.255075420664633926e-04 2.029157449744761147e-04 1.836947181315917428e-04 1.671948128325664580e-04 1.529167003218472910e-04
6.178282386441689414e-04 7.043898760359994194e-04 8.279861450102940935e-04 1.007118138013292190e-03 1.274813073014502071e-03 1.694389078412492132e-03 2.399769417379960402e-03 3.716449266573200287e-03 6.621193750064996268e-03 1.534702295134832313e-02 7.645805235014230261e-02 -2.291234815396958613e-01 7.645033925750438497e-02 1.533149982225298462e-02 6.597663631456054251e-03 3.684608882848313793e-03 2.359199226594323792e-03 1.644539077456952511e-03 1.214983429701325078e-03 9.364333273479355122e-04 7.453607154889978345e-04 6.084831917547425589e-04 5.069844137612792906e-04 4.295709676637120126e-04 3.691292948497336543e-04 3.209964515652619500e-04 2.820117658277339996e-04 2.499707826675605566e-04 2.232976005339164184e-04 2.008411641418584681e-04 1.817446634999429897e-04 1.653595127532457197e-04
5.285754321994085188e-04 5.929400971004126965e-04 6.827545918976577746e-04 8.090602888484614346e-04 9.904672568888149911e-04 1.260086468246390985e-03 1.681301143120396673e-03 2.388085653283173078e-03 3.705975685198298081e-03 6.611768753242267677e-03 1.533851104945587601e-02 7.645033925750438497e-02 -2.291304927668987579e-01 7.644394722835608225e-02 1.532565614899833797e-02 6.592307323376152620e-03 3.679687200909752438e-03 2.354666378834895362e-03 1.640355148871612545e-03 1.211113499655040206e-03 9.328467378703781667e-04 7.420304616711600370e-04 6.053854115003028591e-04 5.040979588050960910e-04 4.268770413923137701e-04 3.666111452925244077e-04 3.186391101552159591e-04 2.798018242951868899e-04 2.478962018349431811e-04 2.213475459022682073e-04 1.990058640625380008e-04 1.800152864537714055e-04
4.579714331450499888e-04 5.069401480610668739e-04 5.740142409385806882e-04 6.661037107731805759e-04 7.943336840803503487e-04 9.773793215967195320e-04 1.248402704149601493e-03 1.670827561745498154e-03 2.378660656460439716e-03 3.697463783305849662e-03 6.604055660604340496e-03 1.533149982225298462e-02 7.644394722835608225e-02 -2.291363364401533820e-01 7.643859092027618929e-02 1.532073446705977705e-02 6.587774475616718119e-03 3.675503272324414424e-03 2.350796448788610923e-03 1.636768559394055416e-03 1.207783245837201541e-03 9.297489576159384669e-04 7.391440067149771627e-04 6.026914852289049418e-04 5.015798092478871697e-04 4.245196999822675081e-04 3.644012037599774607e-04 3.165645293225985836e-04 2.778517696635382722e-04 2.460609017556224156e-04 2.196181688560960811e-04 1.973744121597170254e-04
4.010595582340153249e-04 4.390455769832168420e-04 4.902892669365885910e-04 5.592876361704696023e-04 6.530157754810851168e-04 7.826499199835608564e-04 9.669057402218192779e-04 1.238977707326873769e-03 1.662315659853045397e-03 2.370947563822513402e-03 3.690452556102959136e-03 6.597663631456054251e-03 1.532565614899833797e-02 7.643859092027618929e-02 -2.291412581220919620e-01 7.643405807251675566e-02 1.531655053847443687e-02 6.583904545570442787e-03 3.671916682846857946e-03 2.347466194970772909e-03 1.633670779139613331e-03 1.204896790881019317e-03 9.270550313445402243e-04 7.366258571577679161e-04 6.003341438188584088e-04 4.993698677153400600e-04 4.224451191496506747e-04 3.624511491283287346e-04 3.147292292432778723e-04 2.761223926173666881e-04 2.444294498528014402e-04 2.180773851518271855e-04
3.544461975184264339e-04 3.844086771095381262e-04 4.243189722151057561e-04 4.772013316444930777e-04 5.476038720736801100e-04 6.425421941061847542e-04 7.732249231608321564e-04 9.583938383293724847e-04 1.231264614688945070e-03 1.655304432650154438e-03 2.364555534674225856e-03 3.684608882848313793e-03 6.592307323376152620e-03 1.532073446705977705e-02 7.643405807251675566e-02 -2.291454420506772727e-01 7.643018814247047599e-02 1.531296394899691118e-02 6.580574291752605207e-03 3.668818902592417813e-03 2.344579740014590252e-03 1.630976852868217799e-03 1.202378641323809637e-03 9.246976899344940166e-04 7.344159156252210233e-04 5.982595629862415753e-04 4.974198130836914424e-04 4.206098190703293671e-04 3.607217720821570962e-04 3.130977773404568969e-04 2.745816089130974943e-04 2.429727374674301040e-04
3.157403496218821816e-04 3.397195927503156190e-04 3.713207418174423961e-04 4.126352081183165348e-04 4.667277502695930404e-04 5.381788752509510847e-04 6.340302922137368768e-04 7.655118305229044332e-04 9.513826111264817422e-04 1.224872585540657524e-03 1.649460759395509528e-03 2.359199226594323792e-03 3.679687200909752438e-03 6.587774475616718119e-03 1.531655053847443687e-02 7.643018814247047599e-02 -2.291490286401548226e-01 7.642685788865315188e-02 1.530986616874247148e-02 6.577687836796421682e-03 3.666124976321024232e-03 2.342061590457380788e-03 1.628619511458168773e-03 1.200168699791263503e-03 9.226231091018771832e-04 7.324658609935721888e-04 5.964242629069203220e-04 4.956904360375198040e-04 4.189783671675089880e-04 3.591809883778876856e-04 3.116410649550855065e-04 2.732029602691239873e-04
2.832153689890452831e-04 3.026524143297869393e-04 3.280358286535261267e-04 3.608471604425429009e-04 4.032102112955872385e-04 4.582158483771462472e-04 5.304657826130249878e-04 6.270190650108462427e-04 7.591198013746167789e-04 9.455389378718369407e-04 1.219516277460758061e-03 1.644539077456952511e-03 2.354666378834895362e-03 3.675503272324414424e-03 6.583904545570442787e-03 1.531296394899691118e-02 7.642685788865315188e-02 -2.291521264204093022e-01 7.642397143369644708e-02 1.530717224247104061e-02 6.575169687239213953e-03 3.663767634910971085e-03 2.339851648924834437e-03 1.626544930625549879e-03 1.198218645159614994e-03 9.207878090225558214e-04 7.307364839474006588e-04 5.947928110040999429e-04 4.941496523332503934e-04 4.175216547821367845e-04 3.578023397339143955e-04 3.103349997100753564e-04
2.555973766367019553e-04 2.715316048922560618e-04 2.921788329548869021e-04 3.186108318307968304e-04 3.523352585500947524e-04 3.954971186576611416e-04 4.512046211742552879e-04 5.240737534647359240e-04 6.211753917562016581e-04 7.537634932947150394e-04 9.406172559332754779e-04 1.214983429701325078e-03 1.640355148871612545e-03 2.350796448788610923e-03 3.671916682846857946e-03 6.580574291752605207e-03 1.530986616874247148e-02 7.642397143369644708e-02 -2.291548203466806932e-01 7.642145328413924021e-02 1.530481490106102953e-02 6.572959745706657628e-03 3.661693054078356095e-03 2.337901594293180941e-03 1.624709630546232854e-03 1.196489268113441187e-03 9.191563571197354423e-04 7.291957002431303809e-04 5.933360986187279562e-04 4.927710036892771032e-04 4.162155895371269054e-04 3.565638502089988606e-04
2.319287224899308170e-04 2.451237952618025144e-04 2.621066080695267655e-04 2.836669310624387536e-04 3.108977391928707335e-04 3.453240313472037389e-04 3.891050895093737584e-04 4.453609479196101611e-04 5.187174453848341846e-04 6.162537098176398701e-04 7.492306455352822732e-04 9.364333273479355122e-04 1.211113499655040206e-03 1.636768559394055416e-03 2.347466194970772909e-03 3.668818902592417813e-03 6.577687836796421682e-03 1.530717224247104061e-02 7.642145328413924021e-02 -2.291571776880907407e-01 7.641924334260720431e-02 1.530274032022837898e-02 6.571009691075017575e-03 3.659857753999032782e-03 2.336172217247013856e-03 1.623078178643408030e-03 1.194948484409173945e-03 9.176996447343635640e-04 7.278170515991579581e-04 5.920300333737178603e-04 4.915325141643616226e-04 4.150400926240489850e-04
2.114774439525102061e-04 2.225037256672020899e-04 2.366118933693548809e-04 2.543935154316006686e-04 2.766557038595477401e-04 3.045057100445828081e-04 3.394803580925591542e-04 3.837487814294714768e-04 4.404392659810489694e-04 5.141845976254014183e-04 6.120697812322999044e-04 7.453607154889978345e-04 9.328467378703781667e-04 1.207783245837201541e-03 1.633670779139613331e-03 2.344579740014590252e-03 3.666124976321024232e-03 6.575169687239213953e-03 1.530481490106102953e-02 7.641924334260720431e-02 -2.291592522689233635e-01 7.641729328797450260e-02 1.530090502014905957e-02 6.569280314028823169e-03 3.658226302096212294e-03 2.334631433542740109e-03 1.621621466258035826e-03 1.193569835765197294e-03 9.163935794893533597e-04 7.265785620742423690e-04 5.908545364606399399e-04 4.904158088466800767e-04
1.936757624891058491e-04 2.029655420600623016e-04 2.147906330292754509e-04 2.296006661664638944e-04 2.480014862833132853e-04 2.708120306049026675e-04 2.991494019646810144e-04 3.345586761539974204e-04 3.792159336700387105e-04 4.362553373957090037e-04 5.103146675791169797e-04 6.084831917547425589e-04 7.420304616711600370e-04 9.297489576159384669e-04 1.204896790881019317e-03 1.630976852868217799e-03 2.342061590457380788e-03 3.663767634910971085e-03 6.572959745706657628e-03 1.530274032022837898e-02 7.641729328797450260e-02 -2.291610875690026916e-01 7.641556391092939327e-02 1.529927356824623691e-02 6.567739530324575442e-03 3.656769589710840308e-03 2.333252784898771047e-03 1.620315401013026381e-03 1.192331346240285174e-03 9.152180825762754393e-04 7.254618567565608231e-04 5.897927662123276420e-04
1.780774005163057586e-04 1.859626698511792102e-04 1.959543148571710441e-04 2.083986038809874984e-04 2.237569929118187677e-04 2.426451782034109766e-04 2.658903486663414758e-04 2.946165542052483024e-04 3.303747475686574548e-04 3.753460036237542719e-04 4.326687479181516582e-04 5.069844137612792906e-04 6.053854115003028591e-04 7.391440067149771627e-04 9.270550313445402243e-04 1.202378641323809637e-03 1.628619511458168773e-03 2.339851648924834437e-03 3.661693054078356095e-03 6.571009691075017575e-03 1.530090502014905957e-02 7.641556391092939327e-02 -2.291627190209054865e-01 7.641402312722406220e-02 1.529781685586086536e-02 6.566360881680582094e-03 3.655463524465830429e-03 2.332014295373851121e-03 1.619139904099948461e-03 1.191214640922603520e-03 9.141563123279632498e-04 7.244514761882669658e-04
1.643273857128381345e-04 1.710661733134153143e-04 1.795706407028923690e-04 1.901106416025259444e-04 2.030422958010857590e-04 2.188353109732576031e-04 2.381123304439782375e-04 2.617064200810014559e-04 2.907466241589638637e-04 3.267881580910995671e-04 3.720157498059165828e-04 4.295709676637120126e-04 5.040979588050960910e-04 6.026914852289049418e-04 7.366258571577679161e-04 9.246976899344940166e-04 1.200168699791263503e-03 1.626544930625549879e-03 2.337901594293180941e-03 3.659857753999032782e-03 6.569280314028823169e-03 1.529927356824623691e-02 7.641402312722406220e-02 -2.291641757332908425e-01 7.641264447858114872e-02 1.529651079061585504e-02 6.565122392155687756e-03 3.654288027552752508e-03 2.330897590056173804e-03 1.618078133851637897e-03 1.190204260354309771e-03 9.131940575412232902e-04
1.521403171515819236e-04 1.579353565645501820e-04 1.652225000587696725e-04 1.742143326229900603e-04 1.851889596639647527e-04 1.985094480416530198e-04 2.146513823879175832e-04 2.342424003976937717e-04 2.581198306034441104e-04 2.874163703411261204e-04 3.236903778366604636e-04 3.691292948497336543e-04 4.268770413923137701e-04 5.015798092478871697e-04 6.003341438188584088e-04 7.344159156252210233e-04 9.226231091018771832e-04 1.198218645159614994e-03 1.624709630546232854e-03 2.336172217247013856e-03 3.658226302096212294e-03 6.567739530324575442e-03 1.529781685586086536e-02 7.641264447858114872e-02 -2.291654817985358805e-01 7.641140598905515890e-02 1.529533529370277582e-02 6.564005686837984417e-03 3.653226257304440210e-03 2.329887209487880272e-03 1.617115879064895878e-03 1.189287122539941328e-03
1.412844754400735254e-04 1.462966438969370950e-04 1.525790484846484426e-04 1.603008181202084808e-04 1.696814848635573212e-04 1.810050310786247600e-04 1.946395179953685540e-04 2.110647929103602648e-04 2.309121465798555134e-04 2.550220503490050069e-04 2.845299153849429751e-04 3.209964515652619500e-04 3.666111452925244077e-04 4.245196999822675081e-04 4.993698677153400600e-04 5.982595629862415753e-04 7.324658609935721888e-04 9.207878090225558214e-04 1.196489268113441187e-03 1.623078178643408030e-03 2.334631433542740109e-03 3.656769589710840308e-03 6.566360881680582094e-03 1.529651079061585504e-02 7.641140598905515890e-02 -2.291666572954489389e-01 7.641028928373855278e-02 1.529427352345446439e-02 6.562995306269712135e-03 3.652264002517706647e-03 2.328970071673511395e-03 1.616241080946067806e-03
1.315700391288260091e-04 1.359281673601712439e-04 1.413749619583756323e-04 1.480462007252157034e-04 1.561168895348684880e-04 1.658115548172728554e-04 1.774184416010674145e-04 1.913092641775308378e-04 2.079670126559205921e-04 2.280256916236726120e-04 2.523281240776062222e-04 2.820117658277339996e-04 3.186391101552159591e-04 3.644012037599774607e-04 4.224451191496506747e-04 4.974198130836914424e-04 5.964242629069203220e-04 7.307364839474006588e-04 9.191563571197354423e-04 1.194948484409173945e-03 1.621621466258035826e-03 2.333252784898771047e-03 3.655463524465830429e-03 6.565122392155687756e-03 1.529533529370277582e-02 7.641028928373855278e-02 -2.291677190656972729e-01 7.640927890316920323e-02 1.529331126866772389e-02 6.562078168455343259e-03 3.651389204398869902e-03 2.328135046448476415e-03
1.228402320680754595e-04 1.266483571902653866e-04 1.313953196007385047e-04 1.371910333730356395e-04 1.441762706789312377e-04 1.525303000573111425e-04 1.624813009994351392e-04 1.743206613466280399e-04 1.884228092213476654e-04 2.052730863845220785e-04 2.255075420664633926e-04 2.499707826675605566e-04 2.798018242951868899e-04 3.165645293225985836e-04 3.624511491283287346e-04 4.206098190703293671e-04 4.956904360375198040e-04 5.947928110040999429e-04 7.291957002431303809e-04 9.176996447343635640e-04 1.193569835765197294e-03 1.620315401013026381e-03 2.332014295373851121e-03 3.654288027552752508e-03 6.564005686837984417e-03 1.529427352345446439e-02 7.640927890316920323e-02 -2.291686813204840134e-01 7.640836176535588387e-02 1.529243647054897431e-02 6.561243143230308279e-03 3.650591576884775098e-03
1.149645930934755961e-04 1.183073843086427339e-04 1.224644286049248246e-04 1.275253895544540390e-04 1.336044438954782940e-04 1.408460168610935215e-04 1.494325198028717680e-04 1.595948460432519938e-04 1.716267350752295263e-04 1.859046596641387170e-04 2.029157449744761147e-04 2.232976005339164184e-04 2.478962018349431811e-04 2.778517696635382722e-04 3.147292292432778723e-04 3.607217720821570962e-04 4.189783671675089880e-04 4.941496523332503934e-04 5.933360986187279562e-04 7.278170515991579581e-04 9.163935794893533597e-04 1.192331346240285174e-03 1.619139904099948461e-03 2.330897590056173804e-03 3.653226257304440210e-03 6.562995306269712135e-03 1.529331126866772389e-02 7.640836176535588387e-02 -2.291695561186028185e-01 7.640752674013084889e-02 1.529163884303479451e-02 6.560480712948913058e-03
1.078338029337432523e-04 1.107806645081356033e-04 1.144374542623588238e-04 1.188778391273674927e-04 1.241951357366163227e-04 1.305066636410386483e-04 1.379595619049103761e-04 1.467385935314732544e-04 1.570766964860431539e-04 1.692693936651838336e-04 1.836947181315917428e-04 2.008411641418584681e-04 2.213475459022682073e-04 2.460609017556224156e-04 2.761223926173666881e-04 3.130977773404568969e-04 3.591809883778876856e-04 4.175216547821367845e-04 4.927710036892771032e-04 5.920300333737178603e-04 7.265785620742423690e-04 9.152180825762754393e-04 1.191214640922603520e-03 1.618078133851637897e-03 2.329887209487880272e-03 3.652264002517706647e-03 6.562078168455343259e-03 1.529243647054897431e-02 7.640752674013084889e-02 -2.291703537461169671e-01 7.640676430984839895e-02 1.529090956901496198e-02
1.013556676854063206e-04 1.039638728874587865e-04 1.071940750305782714e-04 1.111072004445205519e-04 1.157800588729281045e-04 1.213086807804331503e-04 1.278127373696406768e-04 1.354414123477014006e-04 1.443812521214269924e-04 1.548667549534955021e-04 1.671948128325664580e-04 1.817446634999429897e-04 1.990058640625380008e-04 2.196181688560960811e-04 2.444294498528014402e-04 2.745816089130974943e-04 3.116410649550855065e-04 3.578023397339143955e-04 4.162155895371269054e-04 4.915325141643616226e-04 5.908545364606399399e-04 7.254618567565608231e-04 9.141563123279632498e-04 1.190204260354309771e-03 1.617115879064895878e-03 2.328970071673511395e-03 3.651389204398869902e-03 6.561243143230308279e-03 1.529163884303479451e-02 7.640676430984839895e-02 -2.291710830201367510e-01 7.640606629695000096e-02
9.545197099501061093e-05 9.776907820784898860e-05 1.006336190696210703e-04 1.040962947761386122e-04 1.082207454883379351e-04 1.130861326015295909e-04 1.187905312232241884e-04 1.254553959595941439e-04 1.332314708151544264e-04 1.423066712888104571e-04 1.529167003218472910e-04 1.653595127532457197e-04 1.800152864537714055e-04 1.973744121597170254e-04 2.180773851518271855e-04 2.429727374674301040e-04 2.732029602691239873e-04 3.103349997100753564e-04 3.565638502089988606e-04 4.150400926240489850e-04 4.904158088466800767e-04 5.897927662123276420e-04 7.244514761882669658e-04 9.131940575412232902e-04 1.189287122539941328e-03 1.616241080946067806e-03 2.328135046448476415e-03 3.650591576884775098e-03 6.560480712948913058e-03 1.529090956901496198e-02 7.640606629695000096e-02 -2.291717515335552069e-01
