1.078508790834490638e-01
3.216605165646727049e-02
1.746157089922509981e-02
1.138798102123375622e-02
8.148733086305042991e-03
6.173282641140185635e-03
4.863302239837229840e-03
3.942935364341147372e-03
3.268208457074207353e-03
2.757090141982903100e-03
2.359671743138521023e-03
2.043996593554772787e-03
1.788746287237688408e-03
1.579211838431206476e-03
1.404953980397418648e-03
1.258383626917386131e-03
1.133868240209419311e-03
1.027151229366180148e-03
9.349642755831883648e-04
8.547622118501778214e-04
7.845378452796870385e-04
7.226901633498741080e-04
6.679289415004119540e-04
6.192046418164901889e-04
5.756561834909358980e-04
5.365715377286009143e-04
5.013576550228684287e-04
4.695172712979846447e-04
4.406308446091401288e-04
4.143423603205941062e-04
3.903480826950459035e-04
3.683875717136083348e-04
